%YAML:1.0
---
K: !!opencv-matrix
   rows: 3
   cols: 3
   dt: d
   data: [ 3.4004970043719463e+03, 0., 2.0601934924719335e+03, 0.,
       3.4112581418946479e+03, 1.6721534662650026e+03, 0., 0., 1. ]
D: !!opencv-matrix
   rows: 1
   cols: 5
   dt: d
   data: [ 4.7977592322507395e-01, -2.9598788579513604e+00,
       4.0923200444792441e-03, 5.6636428658000974e-03,
       6.1074363679628778e+00 ]
